image: hectormap.pgm
resolution: 0.040000
origin: [-4.116000, -4.116000, 0.000000]
negate: 0
occupied_thresh: 0.65
free_thresh: 0.196

